# omegabh2 omegach2 theta tau logA ns asz
  1.8813861E-07   3.0387479E-07   4.5101652E-07   1.3634375E-06   5.7060568E-06   3.4866480E-06  -2.3048181E-06
  3.0387479E-07   4.2990955E-06   2.8650020E-06   8.1362457E-07   2.1607197E-05   3.7900252E-06  -3.7408823E-05
  4.5101652E-07   2.8650020E-06   4.1319790E-06   2.0761110E-06   2.1068302E-05   7.8003832E-06  -2.3760062E-05
  1.3634375E-06   8.1362457E-07   2.0761110E-06   1.6764099E-04   3.5596677E-04   4.2715443E-05  -2.8485228E-04
  5.7060568E-06   2.1607197E-05   2.1068302E-05   3.5596677E-04   8.9009846E-04   1.5366314E-04  -1.4771764E-03
  3.4866480E-06   3.7900252E-06   7.8003832E-06   4.2715443E-05   1.5366314E-04   1.0412884E-04  -4.8260554E-04
 -2.3048181E-06  -3.7408823E-05  -2.3760062E-05  -2.8485228E-04  -1.4771764E-03  -4.8260554E-04   3.2246788E-01
